- name: Inventas
  latitude: 59.919842
  longitude: 10.752125
  radius: 200

- name: Mogi
  latitude: 59.915008
  longitude: 10.717971
  radius: 200
